112
188
72
160
180
185
184
117
97
2
179
40
6
128
127
27
122
28
174
12
44
152
161
36
28
26
31
71
177
132
52
89
120
76
1
53
61
185
122
159
140
101
151
146
29
31
173
151
11
100
115
55
4
29
91
32
55
75
103
184
7
108
73
80
184
26
85
46
11
7
157
103
108
60
49
138
43
175
89
54
27
157
109
31
186
153
64
193
180
119
177
139
27
2
19
12
28
104
10
191
111
119
95
20
179
96
110
23
23
151
77
50
108
139
82
94
44
98
87
24
169
16
163
197
18
183
161
198
39
123
190
103
42
85
75
21
133
185
196
157
88
26
7
197
165
41
43
9
139
83
33
61
99
148
58
70
131
171
68
123
94
58
26
136
95
53
109
181
38
106
138
126
132
97
75
49
91
119
58
182
154
43
43
53
191
53
75
75
24
144
150
70
154
176
6
2
181
68
183
19
174
73
97
58
122
125
107
13
196
117
148
150
112
191
155
55
45
31
82
21
175
32
92
81
160
50
83
141
118
18
160
44
91
10
54
166
87
113
131
83
182
79
185
94
71
140
102
68
171
184
89
98
17
133
180
177
184
15
119
54
34
31
51
77
193
105
195
80
19
127
115
1
6
100
48
29
193
150
49
116
134
91
15
151
24
147
81
160
114
0
167
100
183
18
178
177
123
173
9
142
52
77
96
11
129
144
192
122
94
42
191
28
85
158
132
61
105
13
22
171
165
189
72
100
7
50
77
82
175
39
25
180
68
121
191
197
65
135
72
111
177
63
139
14
21
71
76
78
36
98
49
153
39
121
54
198
123
83
80
51
122
57
183
190
130
174
140
147
61
12
58
39
75
198
5
96
21
81
126
10
131
175
163
170
49
17
120
124
101
153
127
175
10
110
118
141
36
58
88
98
70
99
89
97
97
94
193
70
128
71
32
59
198
196
182
47
165
102
124
18
55
3
146
18
114
64
111
102
74
199
0
144
50
41
193
147
136
138
170
64
9
2
75
7
150
57
7
116
112
131
134
167
134
80
137
0
96
48
103
170
0
55
66
50
97
59
198
185
197
120
1
6
122
76
166
25
86
173
141
198
104
27
165
190
60
55
191
156
103
46
79
103
101
145
154
198
157
104
135
106
24
136
65
98
165
31
123
51
4
16
49
60
44
166
50
104
21
193
12
125
39
91
180
141
189
134
91
98
38
27
4
14
115
69
65
80
100
140
131
56
109
132
116
153
99
119
9
72
112
173
149
104
17
130
45
6
64
88
104
55
115
60
21
183
130
38
63
182
179
147
39
88
79
155
193
130
26
154
3
139
127
152
195
144
82
40
102
99
80
158
154
148
19
175
131
149
166
194
131
145
141
170
185
173
78
178
103
104
132
106
195
11
11
190
156
93
182
10
192
63
169
98
163
188
26
94
137
192
40
20
89
134
143
74
107
21
4
162
77
136
69
25
99
32
15
7
77
150
18
22
165
187
120
128
175
98
22
64
90
62
84
131
196
27
5
55
0
9
18
30
97
39
55
197
71
22
4
148
172
174
170
89
161
43
17
88
141
39
152
184
54
37
115
2
16
121
58
169
82
76
199
132
115
54
129
138
76
85
86
1
12
9
90
173
52
108
62
145
99
166
129
105
155
45
108
172
118
118
141
0
194
92
132
61
146
13
199
174
51
37
175
63
46
18
188
50
78
50
196
177
169
125
35
124
122
95
96
40
13
189
193
159
81
125
20
179
91
171
154
142
160
81
157
159
99
145
9
177
196
157
107
165
35
142
41
157
37
138
150
2
79
143
161
113
20
133
92
111
56
198
53
16
80
10
175
131
156
137
109
104
46
168
21
81
62
62
39
51
152
141
53
184
84
14
97
104
99
141
16
155
140
21
123
172
184
99
103
92
188
164
148
34
132
121
116
194
183
107
45
88
48
50
24
84
16
121
188
115
14
156
70
154
178
146
126
114
197
182
6
185
146
154
171
31
75
87
177
10
146
175
50
146
25
74
30
42
147
171
109
162
127
132
68
57
78
147
171
75
129
129
60
27
35
183
10
62
71
188
25
169
115
75
68
140
102
98
134
1
69
196
115
149
128
184
6
6
83
130
33
164
59
45
191
47
28
154
109
51
94
134
21
9
162
41
101
16
139
188
17
161
184
133
62
112
69
68
70
152
150
55
116
162
100
59
9
128
13
70
132
107
5
105
116
119
146
170
135
85
158
152
198
142
85
60
6
154
81
28
58
183
83
174
145
135
186
106
15
199
177
147