105
192
39
192
44
89
154
147
23
81
113
120
175
137
117
55
27
114
177
192
130
62
189
94
33
2
94
37
21
5
150
126
149
142
71
194
31
177
93
54
10
7
174
186
96
44
193
123
158
171
67
40
185
56
86
18
11
181
55
32
138
6
111
87
100
134
81
131
111
127
186
122
86
112
60
182
156
53
57
67
176
124
107
161
133
194
180
144
127
187
128
65
145
39
104
45
173
138
177
37
65
115
111
151
27
171
133
136
176
142
3
153
66
62
114
151
8
46
47
87
34
176
152
179
167
9
25
93
147
154
130
12
69
41
163
48
164
48
184
92
190
139
45
8
2
112
160
162
110
7
50
96
135
154
76
103
163
53
196
110
159
78
122
28
71
37
76
187
37
13
79
179
152
77
188
154
189
100
69
99
59
119
196
195
73
24
98
37
29
46
147
188
76
22
168
147
11
196
134
49
9
13
28
162
90
168
68
31
68
137
83
128
8
31
123
82
7
173
119
36
171
18
176
47
192
144
194
4
92
80
53
102
93
33
16
136
2
36
119
70
126
2
150
134
33
73
168
40
198
39
28
169
10
4
168
2
100
162
158
193
42
11
47
88
197
15
176
199
3
95
21
129
98
172
16
83
197
184
76
148
176
104
117
186
61
38
188
113
0
147
106
195
110
105
35
107
72
11
58
76
58
32
5
108
4
173
192
153
158
20
101
134
124
171
72
137
9
60
51
161
159
109
108
70
15
143
129
87
154
140
115
165
172
121
73
128
46
17
33
156
37
135
42
114
58
114
51
19
175
54
180
134
164
89
156
131
184
38
170
91
178
86
56
102
159
129
30
5
147
15
162
136
102
4
50
160
119
54
131
46
108
64
132
72
105
41
155
89
79
126
180
9
164
36
111
123
118
93
128
17
108
42
153
11
199
4
123
118
58
55
116
118
119
48
191
24
89
146
65
120
24
46
129
188
34
40
111
104
133
192
121
194
186
75
5
185
31
80
55
41
135
171
159
6
172
150
182
13
49
48
134
25
46
63
14
32
56
77
137
141
21
58
135
8
85
92
145
116
173
1
157
60
124
117
19
48
19
153
62
20
153
148
198
199
11
12
32
19
41
121
161
15
131
96
23
17
141
120
85
66
73
195
126
150
64
97
198
35
51
12
56
4
160
6
156
124
18
140
143
11
61
104
26
144
1
1
161
94
122
199
160
147
194
38
97
10
136
96
45
139
108
53
95
69
59
51
193
29
143
136
41
4
193
19
101
146
21
62
40
143
13
0
42
7
38
140
169
126
36
15
17
96
68
113
117
80
116
110
109
60
199
102
16
144
122
117
90
143
132
130
38
145
82
80
105
72
20
74
151
8
41
168
105
110
81
22
142
150
85
51
10
36
154
178
180
76
96
70
19
180
152
9
125
186
89
182
58
62
9
9
70
50
130
175
112
163
150
54
113
35
106
75
23
12
54
3
88
102
25
59
82
129
68
159
115
109
94
125
171
103
87
194
105
17
169
18
180
71
72
94
106
130
169
81
142
175
84
182
77
61
41
111
190
61
23
57
123
117
135
94
172
22
40
77
39
10
95
171
33
120
65
140
50
187
173
193
114
58
175
192
71
169
55
14
182
78
23
105
195
158
152
119
180
192
197
171
154
92
143
188
12
8
80
15
147
53
160
62
63
87
6
135
56
61
101
191
92
124
96
39
83
0
159
63
193
156
187
99
0
130
87
165
90
119
180
38
125
140
52
188
27
10
75
36
71
128
27
115
53
75
155
136
76
114
151
69
22
138
168
22
20
8
139
111
79
119
101
4
11
153
145
39
163
172
27
186
101
54
102
154
129
9
42
5
75
145
26
97
36
147
71
56
107
11
167
186
130
68
191
94
173
88
133
136
60
112
75
161
118
129
115
199
138
109
157
13
55
183
62
91
82
133
99
189
144
67
176
27
87
119
121
61
7
6
149
67
118
24
181
188
105
48
187
43
158
144
8
165
80
70
8
162
4
107
104
148
126
80
127
14
151
48
75
158
54
176
177
124
153
110
112
58
159
52
102
69
196
110
186
28
181
194
143
185
101
47
85
28
127
13
194
78
13
21
188
20
197
117
96
150
180
161
9
139
13
63
160
161
173
146
190
106
140
133
43
193
180
81
173
59
46
119
89
59
140
29
31
138
98
128
40
78
89
49
169
54
64
129
15
38
27
157
96
119
90
140
113
22
21
38
33
67
158
74
78
98
103
110
188
154
190
29
32
79
30
2
133
95
83
100