15
142
138
64
140
60
145
120
36
45
159
98
170
141
155
12
5
31
44
59
15
109
35
185
197
161
129
148
37
126
171
5
68
110
69
161
122
166
81
111
11
41
161
134
134
68
146
139
100
142
150
115
3
138
100
1
51
181
149
89
59
73
94
80
135
115
41
9
33
122
120
196
115
34
130
50
102
28
141
2
122
44
69
126
134
121
127
185
54
76
74
114
101
120
194
36
187
187
46
20
109
118
17
177
152
99
27
55
128
120
9
50
164
31
176
98
104
55
84
159
84
110
25
185
183
19
22
170
158
20
191
67
90
160
196
43
59
23
50
139
144
11
142
60
42
70
159
147
126
195
58
10
105
83
147
88
54
169
11
12
141
154
31
32
114
28
27
125
3
77
17
147
40
159
8
35
181
119
182
107
114
192
69
19
75
17
60
81
138
71
93
32
25
124
64
91
104
91
16
108
120
185
55
160
96
15
195
78
86
129
137
0
73
159
172
100
176
32
181
66
55
26
98
80
151
114
123
7
157
91
115
77
77
123
190
173
90
137
3
177
19
141
177
44
100
101
145
28
133
126
46
140
153
97
172
56
11
95
63
169
187
131
198
16
6
140
189
96
30
193
73
1
86
3
45
138
104
190
166
190
69
164
130
174
61
103
30
73
150
45
194
89
128
192
105
134
85
95
31
115
40
56
116
78
59
113
16
164
104
182
154
125
98
36
99
160
91
129
33
42
126
27
131
55
171
189
189
56
36
172
123
76
29
39
154
88
153
170
4
9
104
110
134
2
147
33
114
38
114
147
32
40
126
116
47
98
105
189
106
141
161
30
17
190
21
123
31
174
45
35
135
101
146
69
55
93
54
170
83
120
69
116
161
196
32
160
46
137
149
152
78
63
182
47
53
4
122
84
130
119
72
18
20
18
39
27
63
94
149
98
14
19
14
127
15
198
40
13
87
189
165
117
4
100
164
58
56
38
94
138
157
118
156
129
136
196
109
151
42
58
50
8
77
16
136
44
15
128
57
102
69
175
20
74
75
136
84
83
175
178
21
84
49
178
166
185
126
75
89
168
133
139
176
11
107
64
7
122
192
65
177
14
40
149
88
67
85
172
150
12
102
171
49
151
101
15
89
27
90
130
195
175
21
124
138
128
188
146
51
133
11
180
147
3
129
35
70
166
159
172
131
13
143
180
165
45
147
6
24
189
136
20
164
157
144
103
37
84
49
88
17
12
20
116
167
149
103
189
68
62
161
199
76
56
131
193
53
78
151
78
67
39
50
31
196
194
86
185
30
87
26
48
99
46
116
18
148
20
7
16
34
168
167
62
177
98
7
30
176
158
108
43
197
158
26
145
104
113
131
135
0
157
135
52
155
3
70
103
23
30
119
10
150
86
72
127
184
80
110
112
38
170
155
188
81
182
85
185
47
16
72
199
125
159
51
81
163
74
184
138
56
56
148
6
94
173
86
31
53
196
143
43
166
51
183
47
33
69
185
32
85
57
31
163
169
35
44
84
61
180
22
117
36
123
75
83
96
161
114
101
157
57
96
124
108
80
171
93
101
156
77
138
166
109
101
87
96
145
171
157
78
145
26
114
68
101
197
116
63
63
169
172
121
18
96
181
98
20
27
199
128
104
137
46
165
191
133
61
88
56
170
166
2
196
81
22
50
30
91
65
94
60
37
167
30
86
100
80
58
79
79
138
184
169
185
101
112
70
163
0
127
85
167
129
34
0
103
36
30
194
101
76
7
90
195
37
176
48
118
186
127
149
125
111
70
62
165
182
132
128
183
11
165
150
140
199
150
196
35
132
190
88
161
197
179
156
35
107
4
105
94
132
54
19
195
125
81
160
107
165
40
42
177
6
192
69
157
94
65
145
27
8
33
188
5
164
96
192
72
101
97
166
185
104
137
180
181
170
93
88
135
133
83
64
91
75
86
1
122
103
98
149
111
83
89
69
48
137
61
72
38
111
38
175
167
127
108
148
97
1
188
184
86
71
1
130
99
87
83
21
190
181
122
54
16
163
123
64
100
136
136
91
47
126
66
14
53
126
114
102
127
103
87
166
174
40
48
73
127
131
46
69
64
168
123
80
131
198
97
184
135
33
75
134
112
93
101
117
20
15
20
147
118
59
65
45
99
65
70
26
196
117
47
12
37
123
45
121
121
142
105
8
127
132
143
39
25
44
157
45
11
129
145
82
188
162
127
39
28
149
17
176
66
64
189
56
139
34
129
61
128
186
21
55
118
164
47
143
160
156