185
49
96
32
35
95
163
91
101
159
146
132
101
106
44
31
152
55
145
191
184
64
125
3
0
10
127
59
157
139
169
143
189
65
175
176
160
91
19
13
50
166
97
103
72
142
134
176
149
79
168
85
96
93
40
48
55
167
107
13
59
76
108
0
93
83
128
5
174
147
18
176
65
68
79
138
162
165
114
63
197
34
148
93
127
189
141
135
108
0
100
119
28
8
119
121
43
199
126
170
147
96
146
12
116
178
102
78
143
169
141
140
3
42
185
83
183
126
170
43
78
70
163
106
78
34
27
73
34
105
43
133
154
190
97
22
168
0
101
63
121
194
4
124
36
189
159
171
68
129
15
146
151
178
53
181
12
32
55
198
90
98
131
196
88
29
18
8
181
119
72
102
66
28
178
102
17
138
74
37
19
41
136
171
19
141
152
183
173
7
134
15
106
65
11
146
46
30
107
27
101
179
81
167
159
60
22
128
150
48
166
169
89
102
140
108
43
93
43
168
100
177
184
158
195
195
57
41
177
164
21
79
95
54
46
54
114
68
182
64
68
148
34
157
2
174
17
197
19
61
166
72
190
102
30
185
49
39
179
27
3
152
106
98
6
104
152
121
125
87
137
193
187
123
151
190
50
120
139
69
133
105
141
124
159
124
61
9
115
192
188
119
144
94
169
151
150
74
24
27
161
113
21
148
37
124
90
87
44
30
156
178
87
50
54
199
126
67
8
193
60
196
112
4
42
82
107
144
108
83
172
69
149
193
169
186
69
12
73
113
194
181
43
81
183
49
80
61
117
40
55
177
36
119
133
30
153
193
175
61
28
147
82
177
92
52
163
161
16
188
26
10
170
22
91
105
71
124
119
140
164
174
117
153
93
3
135
199
196
62
60
24
9
143
2
53
147
165
166
163
106
145
173
28
167
16
133
190
92
52
131
9
178
0
162
24
3
49
23
199
112
35
176
73
178
178
127
77
95
45
40
153
190
165
181
157
134
115
100
26
119
31
35
98
183
149
74
187
199
49
138
111
84
114
136
63
44
15
140
92
61
133
45
3
50
27
113
184
94
13
11
13
196
46
63
179
196
137
166
147
186
105
10
71
171
146
86
168
114
178
60
175
63
105
178
114
84
91
98
178
56
61
144
52
60
7
32
8
97
150
155
35
7
165
58
179
63
144
147
177
75
159
104
138
16
35
4
101
78
55
31
135
116
175
139
176
183
123
184
32
74
91
67
81
56
126
12
72
22
111
49
49
70
106
140
87
141
144
140
19
199
171
106
68
147
46
44
82
169
181
114
195
72
181
29
81
59
41
153
34
153
154
83
175
60
23
14
153
120
154
173
71
126
31
139
25
29
136
107
199
117
173
146
189
106
175
70
166
17
175
152
122
130
187
49
142
11
64
96
83
170
21
154
48
52
46
73
82
182
132
33
99
105
179
40
12
155
111
130
124
38
82
198
168
69
199
111
32
63
7
67
34
180
174
82
32
20
108
66
2
40
51
101
98
31
93
62
138
4
192
14
195
26
164
163
47
163
26
32
179
185
99
165
165
73
199
150
93
107
16
95
100
20
148
198
3
42
60
141
198
4
107
193
182
23
109
29
186
135
61
117
73
113
82
38
186
82
188
32
189
157
79
41
129
180
39
132
22
51
25
172
7
132
118
189
107
27
19
93
114
32
11
187
145
45
178
84
127
118
116
69
27
147
110
156
127
102
88
101
153
113
74
113
197
144
102
104
171
73
198
37
58
161
177
155
6
155
39
86
73
107
155
101
55
65
9
182
167
98
84
73
11
110
186
9
54
40
65
177
114
15
14
124
176
143
79
135
98
71
21
124
178
128
177
185
193
186
120
161
84
156
186
48
66
172
9
72
164
74
49
30
90
15
154
18
159
34
105
9
105
78
133
35
6
62
21
0
49
141
113
85
49
99
85
115
23
46
139
187
73
188
18
163
155
172
133
66
158
39
76
15
69
161
51
76
24
72
28
73
165
141
110
14
192
148
81
15
194
20
154
67
160
124
182
115
97
116
182
7
107
10
23
176
171
74
4
195
98
32
20
15
173
83
181
117
31
62
84
25
34
39
93
194
163
75
109
12
143
43
20
2
53
195
131
177
69
135
124
119
168
145
86
93
180
67
11
11
129
95
36
115
86
81
109
50
109
170
62
4
166
34
7
171
29
138
148
50
73
73
121
193
170
7
87
150
74
50
161
155
145
149
70
32
183
131
34
92
102
48
96
68
83
55
39
64
193
140
67
19
13