1
198
143
132
175
155
61
180
133
7
113
108
63
138
13
72
4
90
13
52
67
42
164
174
45
101
101
22
199
103
189
152
53
132
36
28
87
97
8
172
104
73
81
119
11
46
191
168
136
157
172
155
199
136
129
45
37
183
19
189
38
8
141
92
92
178
72
132
75
81
104
180
106
137
51
70
135
43
190
23
152
162
131
151
99
12
148
88
195
120
29
186
80
171
30
173
101
102
105
128
135
161
60
42
51
112
112
138
107
102
162
59
64
45
162
115
57
111
4
5
31
33
191
111
156
21
36
9
75
141
138
11
55
198
53
58
62
165
196
169
19
110
28
83
155
191
151
13
54
107
18
85
92
161
148
49
134
185
10
9
78
148
20
133
99
73
143
161
190
140
83
161
50
63
197
158
6
148
171
60
55
141
97
147
102
46
148
36
31
159
197
109
59
18
195
110
43
138
24
186
30
107
147
33
170
144
191
177
92
114
189
99
55
87
47
109
133
147
97
116
58
94
25
118
112
172
28
156
63
52
142
93
111
89
126
82
186
69
11
78
183
0
178
190
39
177
99
172
76
196
88
135
91
66
53
155
190
33
63
53
38
157
99
149
199
177
183
185
47
194
15
182
147
193
173
186
122
72
111
151
21
151
86
64
169
91
19
160
124
83
165
162
192
64
112
191
42
47
176
41
42
192
23
141
137
196
79
12
21
190
163
42
94
49
58
63
140
77
175
16
112
141
131
105
157
195
48
151
42
25
192
36
169
168
177
106
116
57
118
137
199
81
131
93
82
189
109
174
19
84
191
83
25
74
188
135
69
37
86
111
14
31
148
183
199
125
41
115
134
160
5
86
193
136
131
28
78
40
2
97
125
145
132
102
19
121
37
88
110
76
152
76
107
100
59
106
177
100
173
64
12
178
102
158
67
33
186
97
74
140
146
151
86
78
5
57
151
195
98
61
71
50
89
130
102
100
36
31
1
161
47
165
92
149
75
159
183
61
56
9
154
2
112
40
80
69
49
32
64
147
45
87
149
87
17
3
187
5
187
140
119
34
106
11
136
181
170
71
195
178
80
149
132
144
141
164
13
190
148
30
90
146
117
191
33
87
147
20
44
134
161
115
120
19
126
56
152
48
127
147
26
159
48
110
103
141
75
117
132
23
99
174
121
168
117
154
55
64
127
52
150
88
167
71
59
46
79
11
94
159
111
73
118
111
183
174
53
10
43
137
186
142
63
107
110
180
62
118
197
189
122
147
29
89
170
88
87
2
51
182
161
114
55
31
26
190
157
31
1
0
168
187
142
31
94
5
11
156
123
160
97
45
108
126
86
30
166
174
32
18
108
145
84
163
129
62
153
86
93
106
87
61
93
181
44
188
138
56
96
61
168
194
58
76
72
97
59
191
71
43
161
179
141
45
94
70
108
199
108
1
106
195
15
151
129
59
139
67
67
188
81
36
134
139
64
6
36
123
197
59
167
158
190
60
156
36
130
64
188
38
17
94
186
32
45
67
92
137
86
159
125
167
195
59
59
60
17
47
135
167
59
54
125
49
114
33
38
196
97
26
35
115
72
173
99
69
40
191
6
126
103
83
46
98
94
105
110
112
104
198
79
163
4
156
13
119
190
3
115
39
29
102
106
101
75
6
170
67
149
129
146
52
164
192
103
59
49
165
123
153
163
2
117
168
110
82
39
52
85
106
44
114
9
150
167
36
156
137
56
106
18
2
110
183
194
13
42
43
179
165
196
142
119
65
62
181
147
101
34
32
160
78
98
121
180
65
157
89
155
13
195
173
15
105
156
161
71
150
4
50
67
153
144
186
170
159
120
118
12
106
102
172
136
1
93
116
18
3
5
173
168
152
99
184
10
7
97
81
158
54
83
25
7
27
164
129
186
84
47
199
190
102
171
78
103
17
194
73
20
0
199
188
104
98
124
114
105
22
147
15
76
30
41
35
58
157
164
196
41
164
195
183
66
119
61
121
88
7
146
108
159
145
48
64
43
173
130
101
147
78
116
175
108
109
162
118
66
78
115
59
42
62
194
60
133
55
133
21
63
80
81
174
25
130
38
21
55
169
122
154
47
190
129
107
100
43
26
118
121
93
178
116
155
172
176
89
180
110
62
195
190
144
169
167
26
8
188
33
129
110
187
128
101
68
35
153
111
13
71
32
106
1
148
14
174
77
55
106
139
117
101
81
13
70
48
191
30
37
24
111
147
163
39
0
31
27
153
142
192
177
127
99
178
27
65
104
56
120
10
195